1 1 0.003442
1 2 0.001999
1 4 0.001209
1 8 0.000962
1 16 0.001652
2 1 0.00537
2 2 0.002723
2 4 0.001993
2 8 0.001346
2 16 0.002055
4 1 0.00705
4 2 0.005065
4 4 0.003359
4 8 0.002659
4 16 0.001948
8 1 0.01413
8 2 0.008381
8 4 0.005191
8 8 0.003973
8 16 0.002998
16 1 0.02929
16 2 0.014322
16 4 0.007052
16 8 0.007175
16 16 0.003985
32 1 0.054974
32 2 0.029772
32 4 0.015158
32 8 0.014316
32 16 0.0078
64 1 0.11587
64 2 0.056528
64 4 0.031978
64 8 0.017029
64 16 0.011297
128 1 0.229941
128 2 0.112583
128 4 0.058939
128 8 0.03025
128 16 0.019125
1 1 0.001989
1 2 0.001224
1 4 0.001113
1 8 0.000865
1 16 0.001072
2 1 0.003627
2 2 0.003213
2 4 0.002042
2 8 0.001299
2 16 0.001081
4 1 0.007891
4 2 0.004818
4 4 0.002204
4 8 0.002306
4 16 0.001597
8 1 0.014168
8 2 0.008066
8 4 0.004445
8 8 0.004026
8 16 0.003387
16 1 0.030252
16 2 0.014211
16 4 0.008406
16 8 0.007004
16 16 0.003183
32 1 0.054362
32 2 0.030557
32 4 0.016097
32 8 0.012359
32 16 0.00691
64 1 0.114831
64 2 0.058603
64 4 0.029669
64 8 0.017416
64 16 0.014534
128 1 0.220863
128 2 0.112718
128 4 0.057303
128 8 0.029561
128 16 0.024909
1 1 0.002035
1 2 0.001119
1 4 0.000645
1 8 0.000786
1 16 0.001311
2 1 0.003791
2 2 0.002008
2 4 0.001723
2 8 0.001103
2 16 0.001694
4 1 0.007423
4 2 0.004092
4 4 0.002156
4 8 0.001205
4 16 0.00132
8 1 0.014579
8 2 0.007542
8 4 0.003898
8 8 0.002542
8 16 0.002442
16 1 0.030023
16 2 0.015444
16 4 0.007773
16 8 0.003977
16 16 0.004716
32 1 0.056597
32 2 0.028335
32 4 0.015589
32 8 0.007888
32 16 0.005275
64 1 0.115738
64 2 0.059173
64 4 0.031096
64 8 0.017174
64 16 0.012448
128 1 0.227362
128 2 0.113628
128 4 0.057424
128 8 0.030291
128 16 0.020812
1 1 0.002135
1 2 0.001308
1 4 0.000942
1 8 0.000969
1 16 0.001444
2 1 0.003841
2 2 0.002091
2 4 0.001077
2 8 0.000803
2 16 0.001027
4 1 0.007301
4 2 0.004074
4 4 0.00229
4 8 0.001703
4 16 0.001603
8 1 0.014787
8 2 0.007447
8 4 0.004611
8 8 0.002227
8 16 0.00155
16 1 0.029456
16 2 0.014791
16 4 0.007337
16 8 0.005383
16 16 0.003915
32 1 0.058388
32 2 0.028132
32 4 0.015608
32 8 0.007516
32 16 0.005831
64 1 0.114403
64 2 0.058874
64 4 0.029023
64 8 0.015644
64 16 0.009472
128 1 0.23056
128 2 0.113452
128 4 0.056042
128 8 0.030941
128 16 0.018418
1 1 0.002025
1 2 0.001158
1 4 0.001143
1 8 0.000691
1 16 0.001648
2 1 0.003868
2 2 0.002053
2 4 0.001324
2 8 0.001012
2 16 0.001505
4 1 0.007965
4 2 0.003707
4 4 0.002072
4 8 0.001607
4 16 0.00243
8 1 0.014799
8 2 0.007395
8 4 0.005273
8 8 0.002028
8 16 0.001937
16 1 0.027738
16 2 0.015022
16 4 0.007815
16 8 0.005613
16 16 0.004424
32 1 0.054061
32 2 0.028581
32 4 0.014724
32 8 0.010136
32 16 0.006975
64 1 0.117903
64 2 0.056951
64 4 0.030387
64 8 0.016045
64 16 0.010494
128 1 0.227303
128 2 0.113471
128 4 0.061097
128 8 0.031552
128 16 0.018462
1 1 0.002
1 2 0.001281
1 4 0.001101
1 8 0.000867
1 16 0.000948
2 1 0.005088
2 2 0.001942
2 4 0.001775
2 8 0.001442
2 16 0.001336
4 1 0.006929
4 2 0.003842
4 4 0.002552
4 8 0.001553
4 16 0.003035
8 1 0.012543
8 2 0.007413
8 4 0.004587
8 8 0.002923
8 16 0.002247
16 1 0.028585
16 2 0.014812
16 4 0.008413
16 8 0.005593
16 16 0.004695
32 1 0.055314
32 2 0.029571
32 4 0.015023
32 8 0.009702
32 16 0.00785
64 1 0.114196
64 2 0.057652
64 4 0.029734
64 8 0.016049
64 16 0.009646
128 1 0.230441
128 2 0.112767
128 4 0.059171
128 8 0.030016
128 16 0.019851
1 1 0.001841
1 2 0.001217
1 4 0.001285
1 8 0.001007
1 16 0.000942
2 1 0.003928
2 2 0.002314
2 4 0.002145
2 8 0.00197
2 16 0.001295
4 1 0.00871
4 2 0.005583
4 4 0.003179
4 8 0.002587
4 16 0.002632
8 1 0.013099
8 2 0.00835
8 4 0.005029
8 8 0.004084
8 16 0.002605
16 1 0.030028
16 2 0.015578
16 4 0.009412
16 8 0.006004
16 16 0.004152
32 1 0.055812
32 2 0.02997
32 4 0.016448
32 8 0.009267
32 16 0.007776
64 1 0.122014
64 2 0.057056
64 4 0.02963
64 8 0.017424
64 16 0.009349
128 1 0.230874
128 2 0.111492
128 4 0.057453
128 8 0.03054
128 16 0.017321
1 1 0.001852
1 2 0.001354
1 4 0.001097
1 8 0.00098
1 16 0.001413
2 1 0.003812
2 2 0.002592
2 4 0.001305
2 8 0.001308
2 16 0.000953
4 1 0.007072
4 2 0.003994
4 4 0.002406
4 8 0.001871
4 16 0.00177
8 1 0.014682
8 2 0.007694
8 4 0.004511
8 8 0.004341
8 16 0.001566
16 1 0.027449
16 2 0.013977
16 4 0.007857
16 8 0.005751
16 16 0.003972
32 1 0.057786
32 2 0.030667
32 4 0.016248
32 8 0.008471
32 16 0.006253
64 1 0.111813
64 2 0.057679
64 4 0.032097
64 8 0.017239
64 16 0.008425
128 1 0.230225
128 2 0.111254
128 4 0.059767
128 8 0.031365
128 16 0.020371
1 1 0.001855
1 2 0.00139
1 4 0.001009
1 8 0.000874
1 16 0.00202
2 1 0.004755
2 2 0.00318
2 4 0.001545
2 8 0.001438
2 16 0.002347
4 1 0.009057
4 2 0.003627
4 4 0.002002
4 8 0.002384
4 16 0.002017
8 1 0.014558
8 2 0.008284
8 4 0.004691
8 8 0.003946
8 16 0.00261
16 1 0.03182
16 2 0.01479
16 4 0.010329
16 8 0.008753
16 16 0.004392
32 1 0.058416
32 2 0.029457
32 4 0.0158
32 8 0.008776
32 16 0.007671
64 1 0.119241
64 2 0.059033
64 4 0.030111
64 8 0.016848
64 16 0.011
128 1 0.227585
128 2 0.113185
128 4 0.061322
128 8 0.029715
128 16 0.019872
1 1 0.002087
1 2 0.001075
1 4 0.001127
1 8 0.000675
1 16 0.001023
2 1 0.003845
2 2 0.002699
2 4 0.001356
2 8 0.001195
2 16 0.001066
4 1 0.00708
4 2 0.003761
4 4 0.002171
4 8 0.002354
4 16 0.002092
8 1 0.014044
8 2 0.007462
8 4 0.004349
8 8 0.003238
8 16 0.002245
16 1 0.029357
16 2 0.01462
16 4 0.008059
16 8 0.004056
16 16 0.004825
32 1 0.056314
32 2 0.029245
32 4 0.015574
32 8 0.007919
32 16 0.007097
64 1 0.11936
64 2 0.058387
64 4 0.029414
64 8 0.016718
64 16 0.010329
128 1 0.230134
128 2 0.115923
128 4 0.06129
128 8 0.030611
128 16 0.023574
1 1 0.001845
1 2 0.001699
1 4 0.001201
1 8 0.000952
1 16 0.001725
2 1 0.003754
2 2 0.00275
2 4 0.001048
2 8 0.001761
2 16 0.002011
4 1 0.007297
4 2 0.003617
4 4 0.002789
4 8 0.002605
4 16 0.002454
8 1 0.01408
8 2 0.00753
8 4 0.005142
8 8 0.004934
8 16 0.002673
16 1 0.029488
16 2 0.015103
16 4 0.00899
16 8 0.006235
16 16 0.004546
32 1 0.057476
32 2 0.030903
32 4 0.014648
32 8 0.010115
32 16 0.00723
64 1 0.115644
64 2 0.059028
64 4 0.030688
64 8 0.016788
64 16 0.011131
128 1 0.228444
128 2 0.117554
128 4 0.057997
128 8 0.029169
128 16 0.019933
1 1 0.001974
1 2 0.0011
1 4 0.001086
1 8 0.000863
1 16 0.001066
2 1 0.004313
2 2 0.002049
2 4 0.001436
2 8 0.001556
2 16 0.001022
4 1 0.00698
4 2 0.003744
4 4 0.00251
4 8 0.001537
4 16 0.001881
8 1 0.016536
8 2 0.007367
8 4 0.003883
8 8 0.003958
8 16 0.002204
16 1 0.027863
16 2 0.015892
16 4 0.007712
16 8 0.00694
16 16 0.005604
32 1 0.056865
32 2 0.027913
32 4 0.015858
32 8 0.011971
32 16 0.008072
64 1 0.122026
64 2 0.059094
64 4 0.031877
64 8 0.017857
64 16 0.010725
128 1 0.230076
128 2 0.113866
128 4 0.05882
128 8 0.028484
128 16 0.018809
1 1 0.002025
1 2 0.001206
1 4 0.001256
1 8 0.000963
1 16 0.001517
2 1 0.003987
2 2 0.003152
2 4 0.002112
2 8 0.001846
2 16 0.001117
4 1 0.007149
4 2 0.004407
4 4 0.002247
4 8 0.002764
4 16 0.003115
8 1 0.013907
8 2 0.007049
8 4 0.0049
8 8 0.004195
8 16 0.003812
16 1 0.028537
16 2 0.014067
16 4 0.009023
16 8 0.005705
16 16 0.004713
32 1 0.060128
32 2 0.030305
32 4 0.016203
32 8 0.009568
32 16 0.00788
64 1 0.115466
64 2 0.057144
64 4 0.027889
64 8 0.016928
64 16 0.014136
128 1 0.221029
128 2 0.11396
128 4 0.059196
128 8 0.029427
128 16 0.018385
1 1 0.002033
1 2 0.001083
1 4 0.000684
1 8 0.000935
1 16 0.001337
2 1 0.003883
2 2 0.002013
2 4 0.001154
2 8 0.001313
2 16 0.001712
4 1 0.00782
4 2 0.004226
4 4 0.002818
4 8 0.00255
4 16 0.001792
8 1 0.015341
8 2 0.008972
8 4 0.003772
8 8 0.002067
8 16 0.001488
16 1 0.028928
16 2 0.015087
16 4 0.007487
16 8 0.00573
16 16 0.004208
32 1 0.05527
32 2 0.02877
32 4 0.018682
32 8 0.009306
32 16 0.006129
64 1 0.115017
64 2 0.056077
64 4 0.029454
64 8 0.016705
64 16 0.009782
128 1 0.227012
128 2 0.113825
128 4 0.059994
128 8 0.030063
128 16 0.019195
1 1 0.001971
1 2 0.001179
1 4 0.001378
1 8 0.000962
1 16 0.001155
2 1 0.00414
2 2 0.002721
2 4 0.00158
2 8 0.001561
2 16 0.001212
4 1 0.007375
4 2 0.003921
4 4 0.002327
4 8 0.002298
4 16 0.001545
8 1 0.01525
8 2 0.008586
8 4 0.004885
8 8 0.003891
8 16 0.002975
16 1 0.028919
16 2 0.014086
16 4 0.008244
16 8 0.006611
16 16 0.004952
32 1 0.056245
32 2 0.028586
32 4 0.016867
32 8 0.009414
32 16 0.007928
64 1 0.108828
64 2 0.056934
64 4 0.034868
64 8 0.017443
64 16 0.010481
128 1 0.221742
128 2 0.112199
128 4 0.060082
128 8 0.029282
128 16 0.021586
1 1 0.002046
1 2 0.001188
1 4 0.001294
1 8 0.001132
1 16 0.001193
2 1 0.003541
2 2 0.002417
2 4 0.002097
2 8 0.00139
2 16 0.001148
4 1 0.007281
4 2 0.004712
4 4 0.00305
4 8 0.003139
4 16 0.002308
8 1 0.014893
8 2 0.00865
8 4 0.005376
8 8 0.005164
8 16 0.003748
16 1 0.029669
16 2 0.015572
16 4 0.008222
16 8 0.005965
16 16 0.005456
32 1 0.057282
32 2 0.029945
32 4 0.016336
32 8 0.009693
32 16 0.007086
64 1 0.116692
64 2 0.059834
64 4 0.030425
64 8 0.017024
64 16 0.010995
128 1 0.230279
128 2 0.116838
128 4 0.059212
128 8 0.031166
128 16 0.018762
1 1 0.002075
1 2 0.00123
1 4 0.001162
1 8 0.000935
1 16 0.001019
2 1 0.003817
2 2 0.001997
2 4 0.001151
2 8 0.001677
2 16 0.001088
4 1 0.008588
4 2 0.005623
4 4 0.002306
4 8 0.002946
4 16 0.002934
8 1 0.015137
8 2 0.008157
8 4 0.005529
8 8 0.004374
8 16 0.003652
16 1 0.029034
16 2 0.014595
16 4 0.008733
16 8 0.006807
16 16 0.006101
32 1 0.056482
32 2 0.032033
32 4 0.015644
32 8 0.010515
32 16 0.006311
64 1 0.111216
64 2 0.059906
64 4 0.029456
64 8 0.018246
64 16 0.012392
128 1 0.224742
128 2 0.115055
128 4 0.057989
128 8 0.031489
128 16 0.017153
1 1 0.00199
1 2 0.0012
1 4 0.001315
1 8 0.001061
1 16 0.001534
2 1 0.004048
2 2 0.002761
2 4 0.002287
2 8 0.001449
2 16 0.001078
4 1 0.007123
4 2 0.004057
4 4 0.003436
4 8 0.002327
4 16 0.003454
8 1 0.014575
8 2 0.007554
8 4 0.004662
8 8 0.004324
8 16 0.00271
16 1 0.027846
16 2 0.014647
16 4 0.007933
16 8 0.007017
16 16 0.004522
32 1 0.057765
32 2 0.030637
32 4 0.017254
32 8 0.013423
32 16 0.00653
64 1 0.113263
64 2 0.058003
64 4 0.031988
64 8 0.02033
64 16 0.010228
128 1 0.232615
128 2 0.114397
128 4 0.058379
128 8 0.029682
128 16 0.016618
1 1 0.001853
1 2 0.001101
1 4 0.00071
1 8 0.000898
1 16 0.001125
2 1 0.004572
2 2 0.003215
2 4 0.001771
2 8 0.001548
2 16 0.001858
4 1 0.007916
4 2 0.003833
4 4 0.002571
4 8 0.001483
4 16 0.001658
8 1 0.01413
8 2 0.008878
8 4 0.003952
8 8 0.002703
8 16 0.002746
16 1 0.028839
16 2 0.015386
16 4 0.007733
16 8 0.005404
16 16 0.003779
32 1 0.054515
32 2 0.028654
32 4 0.016489
32 8 0.012892
32 16 0.007914
64 1 0.114301
64 2 0.056034
64 4 0.02924
64 8 0.017513
64 16 0.012007
128 1 0.224287
128 2 0.11288
128 4 0.058282
128 8 0.037125
128 16 0.01834
1 1 0.001784
1 2 0.001187
1 4 0.001643
1 8 0.001244
1 16 0.001357
2 1 0.003795
2 2 0.002369
2 4 0.002254
2 8 0.001647
2 16 0.001547
4 1 0.008759
4 2 0.00384
4 4 0.00248
4 8 0.002764
4 16 0.001992
8 1 0.01543
8 2 0.006904
8 4 0.00536
8 8 0.00383
8 16 0.002526
16 1 0.029199
16 2 0.014152
16 4 0.00858
16 8 0.00584
16 16 0.005828
32 1 0.057949
32 2 0.028731
32 4 0.014387
32 8 0.009368
32 16 0.007801
64 1 0.117715
64 2 0.058524
64 4 0.03124
64 8 0.021277
64 16 0.009359
128 1 0.230402
128 2 0.117853
128 4 0.056937
128 8 0.030238
128 16 0.01793
1 1 0.001868
1 2 0.001591
1 4 0.000997
1 8 0.000957
1 16 0.000919
2 1 0.003704
2 2 0.002061
2 4 0.001372
2 8 0.001678
2 16 0.001403
4 1 0.007777
4 2 0.003819
4 4 0.001982
4 8 0.001662
4 16 0.001414
8 1 0.01454
8 2 0.00811
8 4 0.004621
8 8 0.002624
8 16 0.002258
16 1 0.028718
16 2 0.014687
16 4 0.00917
16 8 0.003982
16 16 0.002627
32 1 0.05593
32 2 0.029633
32 4 0.015451
32 8 0.007511
32 16 0.006247
64 1 0.112416
64 2 0.056772
64 4 0.031696
64 8 0.017885
64 16 0.01174
128 1 0.236411
128 2 0.114013
128 4 0.056792
128 8 0.029765
128 16 0.01684
1 1 0.002161
1 2 0.001591
1 4 0.001227
1 8 0.000942
1 16 0.001588
2 1 0.004888
2 2 0.002043
2 4 0.001412
2 8 0.001383
2 16 0.001121
4 1 0.008666
4 2 0.003919
4 4 0.002125
4 8 0.002306
4 16 0.001828
8 1 0.015037
8 2 0.00759
8 4 0.003995
8 8 0.004142
8 16 0.00431
16 1 0.028244
16 2 0.014073
16 4 0.008972
16 8 0.006163
16 16 0.005839
32 1 0.059271
32 2 0.029132
32 4 0.015552
32 8 0.009704
32 16 0.007734
64 1 0.11728
64 2 0.05847
64 4 0.030712
64 8 0.018456
64 16 0.009974
128 1 0.226246
128 2 0.115096
128 4 0.058759
128 8 0.030228
128 16 0.018146
1 1 0.001849
1 2 0.001215
1 4 0.001004
1 8 0.000947
1 16 0.000688
2 1 0.00423
2 2 0.002279
2 4 0.001166
2 8 0.001578
2 16 0.000945
4 1 0.008454
4 2 0.00376
4 4 0.002285
4 8 0.002385
4 16 0.001588
8 1 0.014556
8 2 0.008709
8 4 0.003801
8 8 0.004123
8 16 0.002297
16 1 0.027024
16 2 0.015893
16 4 0.007464
16 8 0.004899
16 16 0.00496
32 1 0.055558
32 2 0.02945
32 4 0.015675
32 8 0.008217
32 16 0.006536
64 1 0.116527
64 2 0.056814
64 4 0.029686
64 8 0.019938
64 16 0.013456
128 1 0.226251
128 2 0.114061
128 4 0.058708
128 8 0.034764
128 16 0.018325
1 1 0.00182
1 2 0.001151
1 4 0.001057
1 8 0.000924
1 16 0.001297
2 1 0.003895
2 2 0.00222
2 4 0.002149
2 8 0.001573
2 16 0.001151
4 1 0.008837
4 2 0.003656
4 4 0.003498
4 8 0.002362
4 16 0.001734
8 1 0.014558
8 2 0.009065
8 4 0.00465
8 8 0.004013
8 16 0.002713
16 1 0.029032
16 2 0.014811
16 4 0.008998
16 8 0.006381
16 16 0.004428
32 1 0.055623
32 2 0.029033
32 4 0.015988
32 8 0.009215
32 16 0.010461
64 1 0.115654
64 2 0.059132
64 4 0.029196
64 8 0.018555
64 16 0.01467
128 1 0.22541
128 2 0.113047
128 4 0.062472
128 8 0.031936
128 16 0.016594
1 1 0.001992
1 2 0.001942
1 4 0.001254
1 8 0.000873
1 16 0.00138
2 1 0.004268
2 2 0.002417
2 4 0.001222
2 8 0.00136
2 16 0.001299
4 1 0.006924
4 2 0.003792
4 4 0.002012
4 8 0.001622
4 16 0.002532
8 1 0.015024
8 2 0.007862
8 4 0.003816
8 8 0.00214
8 16 0.003812
16 1 0.030418
16 2 0.01618
16 4 0.009183
16 8 0.006369
16 16 0.00543
32 1 0.05806
32 2 0.030139
32 4 0.015013
32 8 0.00918
32 16 0.00727
64 1 0.11409
64 2 0.058408
64 4 0.029559
64 8 0.02194
64 16 0.014117
128 1 0.230882
128 2 0.113099
128 4 0.057765
128 8 0.0316
128 16 0.021612
1 1 0.001991
1 2 0.001139
1 4 0.001311
1 8 0.001129
1 16 0.0013
2 1 0.003817
2 2 0.001942
2 4 0.001538
2 8 0.001298
2 16 0.001682
4 1 0.007243
4 2 0.00375
4 4 0.002238
4 8 0.003315
4 16 0.002688
8 1 0.01362
8 2 0.008443
8 4 0.004624
8 8 0.004225
8 16 0.001506
16 1 0.027814
16 2 0.01548
16 4 0.009291
16 8 0.006407
16 16 0.005083
32 1 0.058743
32 2 0.031384
32 4 0.016163
32 8 0.008885
32 16 0.006251
64 1 0.115117
64 2 0.059601
64 4 0.02966
64 8 0.020872
64 16 0.01278
128 1 0.22715
128 2 0.115541
128 4 0.059789
128 8 0.030845
128 16 0.017597
1 1 0.002092
1 2 0.001132
1 4 0.00112
1 8 0.000959
1 16 0.001243
2 1 0.003565
2 2 0.002133
2 4 0.001435
2 8 0.001288
2 16 0.001077
4 1 0.007058
4 2 0.003872
4 4 0.002517
4 8 0.002243
4 16 0.002087
8 1 0.014194
8 2 0.008209
8 4 0.003855
8 8 0.004222
8 16 0.002486
16 1 0.028633
16 2 0.014718
16 4 0.007973
16 8 0.00566
16 16 0.004435
32 1 0.054833
32 2 0.028195
32 4 0.014596
32 8 0.011485
32 16 0.005935
64 1 0.113009
64 2 0.058237
64 4 0.030577
64 8 0.016514
64 16 0.010241
128 1 0.228807
128 2 0.111352
128 4 0.058729
128 8 0.03203
128 16 0.021325
1 1 0.002021
1 2 0.001416
1 4 0.001243
1 8 0.000987
1 16 0.002192
2 1 0.003779
2 2 0.001932
2 4 0.001214
2 8 0.001397
2 16 0.002097
4 1 0.008867
4 2 0.003812
4 4 0.002058
4 8 0.00254
4 16 0.002938
8 1 0.015086
8 2 0.008703
8 4 0.00382
8 8 0.003172
8 16 0.002862
16 1 0.030713
16 2 0.014911
16 4 0.007576
16 8 0.007545
16 16 0.003179
32 1 0.058195
32 2 0.028071
32 4 0.015172
32 8 0.009431
32 16 0.007052
64 1 0.115427
64 2 0.059055
64 4 0.029858
64 8 0.016854
64 16 0.012163
128 1 0.222829
128 2 0.112404
128 4 0.059412
128 8 0.030706
128 16 0.018262
1 1 0.002592
1 2 0.001311
1 4 0.001078
1 8 0.001082
1 16 0.001221
2 1 0.003944
2 2 0.003524
2 4 0.00219
2 8 0.001419
2 16 0.001195
4 1 0.007074
4 2 0.003559
4 4 0.002056
4 8 0.002732
4 16 0.001506
8 1 0.016094
8 2 0.00852
8 4 0.005182
8 8 0.003698
8 16 0.003401
16 1 0.028264
16 2 0.015255
16 4 0.00921
16 8 0.005409
16 16 0.004587
32 1 0.056659
32 2 0.030683
32 4 0.01679
32 8 0.009566
32 16 0.007779
64 1 0.118076
64 2 0.058245
64 4 0.030976
64 8 0.01635
64 16 0.008609
128 1 0.224405
128 2 0.110959
128 4 0.056749
128 8 0.030314
128 16 0.024441
1 1 0.001989
1 2 0.001131
1 4 0.000792
1 8 0.001553
1 16 0.001052
2 1 0.00385
2 2 0.002071
2 4 0.001168
2 8 0.001237
2 16 0.001001
4 1 0.008015
4 2 0.00378
4 4 0.002872
4 8 0.001306
4 16 0.001195
8 1 0.014768
8 2 0.008072
8 4 0.004104
8 8 0.003259
8 16 0.002213
16 1 0.028266
16 2 0.014534
16 4 0.007746
16 8 0.004349
16 16 0.003846
32 1 0.057628
32 2 0.029661
32 4 0.014753
32 8 0.00782
32 16 0.006127
64 1 0.108662
64 2 0.05526
64 4 0.028981
64 8 0.014785
64 16 0.011117
128 1 0.224394
128 2 0.115809
128 4 0.058607
128 8 0.030472
128 16 0.017633
1 1 0.001985
1 2 0.00117
1 4 0.000929
1 8 0.000921
1 16 0.00231
2 1 0.003817
2 2 0.001951
2 4 0.002098
2 8 0.001459
2 16 0.001286
4 1 0.00754
4 2 0.00427
4 4 0.002349
4 8 0.001464
4 16 0.001023
8 1 0.014215
8 2 0.006928
8 4 0.003814
8 8 0.003872
8 16 0.001858
16 1 0.028487
16 2 0.015525
16 4 0.008393
16 8 0.005752
16 16 0.004677
32 1 0.055876
32 2 0.029098
32 4 0.015938
32 8 0.009118
32 16 0.005803
64 1 0.112437
64 2 0.05564
64 4 0.028255
64 8 0.016218
64 16 0.009205
128 1 0.222989
128 2 0.110944
128 4 0.057037
128 8 0.028374
128 16 0.017608
1 1 0.001971
1 2 0.001203
1 4 0.000645
1 8 0.001084
1 16 0.001257
2 1 0.003897
2 2 0.002467
2 4 0.001132
2 8 0.000878
2 16 0.00159
4 1 0.007349
4 2 0.003928
4 4 0.002638
4 8 0.001209
4 16 0.00152
8 1 0.014588
8 2 0.007415
8 4 0.004487
8 8 0.002124
8 16 0.002553
16 1 0.029093
16 2 0.015136
16 4 0.007443
16 8 0.003836
16 16 0.003832
32 1 0.058297
32 2 0.030876
32 4 0.014666
32 8 0.008527
32 16 0.00503
64 1 0.111724
64 2 0.058117
64 4 0.028578
64 8 0.015309
64 16 0.009135
128 1 0.224953
128 2 0.112973
128 4 0.06055
128 8 0.063464
128 16 0.01545
1 1 0.001978
1 2 0.001076
1 4 0.001185
1 8 0.000658
1 16 0.001066
2 1 0.003752
2 2 0.002162
2 4 0.001222
2 8 0.000803
2 16 0.001552
4 1 0.007722
4 2 0.0038
4 4 0.002087
4 8 0.001875
4 16 0.001437
8 1 0.013848
8 2 0.007601
8 4 0.003793
8 8 0.00223
8 16 0.002931
16 1 0.028301
16 2 0.014636
16 4 0.007444
16 8 0.004498
16 16 0.002868
32 1 0.055186
32 2 0.029208
32 4 0.014428
32 8 0.007617
32 16 0.004834
64 1 0.11737
64 2 0.058808
64 4 0.028093
64 8 0.015702
64 16 0.009578
128 1 0.228807
128 2 0.114124
128 4 0.058123
128 8 0.029023
128 16 0.017341
1 1 0.001934
1 2 0.001048
1 4 0.000826
1 8 0.000809
1 16 0.000815
2 1 0.00377
2 2 0.002093
2 4 0.001304
2 8 0.001397
2 16 0.001276
4 1 0.007435
4 2 0.003696
4 4 0.00207
4 8 0.0012
4 16 0.001995
8 1 0.014506
8 2 0.007201
8 4 0.003744
8 8 0.00285
8 16 0.001823
16 1 0.028601
16 2 0.015023
16 4 0.0074
16 8 0.00467
16 16 0.003911
32 1 0.056504
32 2 0.02903
32 4 0.014618
32 8 0.008094
32 16 0.006468
64 1 0.10939
64 2 0.05726
64 4 0.029092
64 8 0.014873
64 16 0.008517
128 1 0.226773
128 2 0.11497
128 4 0.058498
128 8 0.029639
128 16 0.021742
1 1 0.001815
1 2 0.001421
1 4 0.00121
1 8 0.001029
1 16 0.001038
2 1 0.003456
2 2 0.003211
2 4 0.002233
2 8 0.001421
2 16 0.001148
4 1 0.009164
4 2 0.003729
4 4 0.004137
4 8 0.002504
4 16 0.002139
8 1 0.014775
8 2 0.008847
8 4 0.004899
8 8 0.004402
8 16 0.003923
16 1 0.029432
16 2 0.013809
16 4 0.008338
16 8 0.005871
16 16 0.005099
32 1 0.054578
32 2 0.029664
32 4 0.015641
32 8 0.009592
32 16 0.007719
64 1 0.111689
64 2 0.05504
64 4 0.029429
64 8 0.016856
64 16 0.010982
128 1 0.233131
128 2 0.113682
128 4 0.058918
128 8 0.031167
128 16 0.016977
1 1 0.001948
1 2 0.00094
1 4 0.000811
1 8 0.000717
1 16 0.000925
2 1 0.003842
2 2 0.001987
2 4 0.001748
2 8 0.001058
2 16 0.001321
4 1 0.007387
4 2 0.003998
4 4 0.002042
4 8 0.001804
4 16 0.00156
8 1 0.015036
8 2 0.007918
8 4 0.005655
8 8 0.003702
8 16 0.00255
16 1 0.027958
16 2 0.015547
16 4 0.007452
16 8 0.005542
16 16 0.005464
32 1 0.055342
32 2 0.029705
32 4 0.014794
32 8 0.008929
32 16 0.004874
64 1 0.110393
64 2 0.056928
64 4 0.029035
64 8 0.017803
64 16 0.009555
128 1 0.22145
128 2 0.111599
128 4 0.060078
128 8 0.029913
128 16 0.021135
1 1 0.001957
1 2 0.001557
1 4 0.001358
1 8 0.001113
1 16 0.000937
2 1 0.004534
2 2 0.002766
2 4 0.001782
2 8 0.001335
2 16 0.001188
4 1 0.00902
4 2 0.003598
4 4 0.003325
4 8 0.002533
4 16 0.002026
8 1 0.01412
8 2 0.007849
8 4 0.004919
8 8 0.005465
8 16 0.004039
16 1 0.027377
16 2 0.015716
16 4 0.008711
16 8 0.006064
16 16 0.003319
32 1 0.05855
32 2 0.029247
32 4 0.017636
32 8 0.009843
32 16 0.006328
64 1 0.114593
64 2 0.0561
64 4 0.030223
64 8 0.016723
64 16 0.009315
128 1 0.23245
128 2 0.114439
128 4 0.057655
128 8 0.031831
128 16 0.019094
1 1 0.001875
1 2 0.001128
1 4 0.001362
1 8 0.000895
1 16 0.00095
2 1 0.003782
2 2 0.001972
2 4 0.002256
2 8 0.001161
2 16 0.001387
4 1 0.006873
4 2 0.00522
4 4 0.002618
4 8 0.002614
4 16 0.001655
8 1 0.013832
8 2 0.007381
8 4 0.004076
8 8 0.002696
8 16 0.001729
16 1 0.028343
16 2 0.01444
16 4 0.007906
16 8 0.00598
16 16 0.003061
32 1 0.05631
32 2 0.029164
32 4 0.015097
32 8 0.008151
32 16 0.006246
64 1 0.111384
64 2 0.06084
64 4 0.03213
64 8 0.017914
64 16 0.01041
128 1 0.227662
128 2 0.114934
128 4 0.059135
128 8 0.034021
128 16 0.01995
1 1 0.001834
1 2 0.001506
1 4 0.001119
1 8 0.001109
1 16 0.000916
2 1 0.004035
2 2 0.003295
2 4 0.001746
2 8 0.001827
2 16 0.001849
4 1 0.006837
4 2 0.005106
4 4 0.00205
4 8 0.002812
4 16 0.002489
8 1 0.013982
8 2 0.007711
8 4 0.003719
8 8 0.003609
8 16 0.002353
16 1 0.027874
16 2 0.015494
16 4 0.008968
16 8 0.005785
16 16 0.003978
32 1 0.058162
32 2 0.029198
32 4 0.015591
32 8 0.009298
32 16 0.007487
64 1 0.117541
64 2 0.057245
64 4 0.031288
64 8 0.018106
64 16 0.014969
128 1 0.229302
128 2 0.114098
128 4 0.058484
128 8 0.030117
128 16 0.016625
1 1 0.001931
1 2 0.001046
1 4 0.000718
1 8 0.000896
1 16 0.001059
2 1 0.003537
2 2 0.002068
2 4 0.001147
2 8 0.001362
2 16 0.001046
4 1 0.008285
4 2 0.004297
4 4 0.002104
4 8 0.002091
4 16 0.001585
8 1 0.016087
8 2 0.007443
8 4 0.00381
8 8 0.003335
8 16 0.002111
16 1 0.027086
16 2 0.015518
16 4 0.008201
16 8 0.00614
16 16 0.004263
32 1 0.057327
32 2 0.029426
32 4 0.015437
32 8 0.009252
32 16 0.009401
64 1 0.118084
64 2 0.059751
64 4 0.029727
64 8 0.016254
64 16 0.009804
128 1 0.22773
128 2 0.113933
128 4 0.06044
128 8 0.029631
128 16 0.018089
1 1 0.002066
1 2 0.001194
1 4 0.001116
1 8 0.000934
1 16 0.000977
2 1 0.004539
2 2 0.002038
2 4 0.002159
2 8 0.001341
2 16 0.002061
4 1 0.00704
4 2 0.003767
4 4 0.002242
4 8 0.00228
4 16 0.001954
8 1 0.015742
8 2 0.008545
8 4 0.005177
8 8 0.003896
8 16 0.003649
16 1 0.027907
16 2 0.016095
16 4 0.008084
16 8 0.005733
16 16 0.00456
32 1 0.05804
32 2 0.029629
32 4 0.014585
32 8 0.009464
32 16 0.00592
64 1 0.112508
64 2 0.058856
64 4 0.03062
64 8 0.018103
64 16 0.010604
128 1 0.226951
128 2 0.111202
128 4 0.057293
128 8 0.032293
128 16 0.017974
1 1 0.001814
1 2 0.00124
1 4 0.000837
1 8 0.001138
1 16 0.000953
2 1 0.003499
2 2 0.002487
2 4 0.001849
2 8 0.001051
2 16 0.001177
4 1 0.008304
4 2 0.003569
4 4 0.003535
4 8 0.003053
4 16 0.00274
8 1 0.015097
8 2 0.007304
8 4 0.005412
8 8 0.00351
8 16 0.003124
16 1 0.028236
16 2 0.015435
16 4 0.008221
16 8 0.005977
16 16 0.004357
32 1 0.058023
32 2 0.029157
32 4 0.016606
32 8 0.008793
32 16 0.005366
64 1 0.115334
64 2 0.056995
64 4 0.029995
64 8 0.016859
64 16 0.009636
128 1 0.230217
128 2 0.11565
128 4 0.057645
128 8 0.037122
128 16 0.018507
1 1 0.001934
1 2 0.001119
1 4 0.001287
1 8 0.000946
1 16 0.00098
2 1 0.003586
2 2 0.002764
2 4 0.002207
2 8 0.001341
2 16 0.001096
4 1 0.008882
4 2 0.005058
4 4 0.00426
4 8 0.002489
4 16 0.001603
8 1 0.014392
8 2 0.007219
8 4 0.003771
8 8 0.004147
8 16 0.002727
16 1 0.029558
16 2 0.016476
16 4 0.007644
16 8 0.007055
16 16 0.004109
32 1 0.057489
32 2 0.031375
32 4 0.015883
32 8 0.009085
32 16 0.006248
64 1 0.110191
64 2 0.056587
64 4 0.029947
64 8 0.01658
64 16 0.010522
128 1 0.229796
128 2 0.116125
128 4 0.060951
128 8 0.036874
128 16 0.02337
1 1 0.001889
1 2 0.001176
1 4 0.000915
1 8 0.000901
1 16 0.001186
2 1 0.003922
2 2 0.003151
2 4 0.002177
2 8 0.001424
2 16 0.001569
4 1 0.008771
4 2 0.003633
4 4 0.001892
4 8 0.002414
4 16 0.002994
8 1 0.014683
8 2 0.008364
8 4 0.005576
8 8 0.003887
8 16 0.002754
16 1 0.031403
16 2 0.014029
16 4 0.007475
16 8 0.006129
16 16 0.004182
32 1 0.056261
32 2 0.030696
32 4 0.01564
32 8 0.009346
32 16 0.006757
64 1 0.118804
64 2 0.059211
64 4 0.030638
64 8 0.021382
64 16 0.014151
128 1 0.231447
128 2 0.113859
128 4 0.060647
128 8 0.029765
128 16 0.018711
1 1 0.001875
1 2 0.001389
1 4 0.001285
1 8 0.000936
1 16 0.001135
2 1 0.003808
2 2 0.002521
2 4 0.001775
2 8 0.000945
2 16 0.001064
4 1 0.006896
4 2 0.00377
4 4 0.004111
4 8 0.002458
4 16 0.001924
8 1 0.011277
8 2 0.008052
8 4 0.004201
8 8 0.003904
8 16 0.002712
16 1 0.030533
16 2 0.015311
16 4 0.009412
16 8 0.004479
16 16 0.00393
32 1 0.056518
32 2 0.030278
32 4 0.016719
32 8 0.00827
32 16 0.005303
64 1 0.111494
64 2 0.060895
64 4 0.029978
64 8 0.016182
64 16 0.011597
128 1 0.228151
128 2 0.110455
128 4 0.061041
128 8 0.031156
128 16 0.018661
1 1 0.001879
1 2 0.001225
1 4 0.001353
1 8 0.001292
1 16 0.001706
2 1 0.003802
2 2 0.003722
2 4 0.002185
2 8 0.002028
2 16 0.001952
4 1 0.007931
4 2 0.00368
4 4 0.00204
4 8 0.002369
4 16 0.003116
8 1 0.013584
8 2 0.008604
8 4 0.005647
8 8 0.004121
8 16 0.002489
16 1 0.028825
16 2 0.015335
16 4 0.009047
16 8 0.005799
16 16 0.006246
32 1 0.058276
32 2 0.027947
32 4 0.016116
32 8 0.00781
32 16 0.007402
64 1 0.11379
64 2 0.060336
64 4 0.029905
64 8 0.016402
64 16 0.011865
128 1 0.228454
128 2 0.114724
128 4 0.059828
128 8 0.030766
128 16 0.019025
1 1 0.002053
1 2 0.001048
1 4 0.000853
1 8 0.000822
1 16 0.001178
2 1 0.003807
2 2 0.002001
2 4 0.002269
2 8 0.000797
2 16 0.001285
4 1 0.008217
4 2 0.003974
4 4 0.002941
4 8 0.002126
4 16 0.001886
8 1 0.015259
8 2 0.007536
8 4 0.004419
8 8 0.002283
8 16 0.003243
16 1 0.028652
16 2 0.015317
16 4 0.007478
16 8 0.005891
16 16 0.004426
32 1 0.055549
32 2 0.0305
32 4 0.014962
32 8 0.008084
32 16 0.007104
64 1 0.110418
64 2 0.05636
64 4 0.033863
64 8 0.016184
64 16 0.008372
128 1 0.230143
128 2 0.116518
128 4 0.059718
128 8 0.030621
128 16 0.018195
1 1 0.001889
1 2 0.001359
1 4 0.001187
1 8 0.0011
1 16 0.001549
2 1 0.003773
2 2 0.003466
2 4 0.002217
2 8 0.001373
2 16 0.002016
4 1 0.008199
4 2 0.003862
4 4 0.002159
4 8 0.0026
4 16 0.002151
8 1 0.014628
8 2 0.00854
8 4 0.004481
8 8 0.00391
8 16 0.003041
16 1 0.030498
16 2 0.015537
16 4 0.009419
16 8 0.006471
16 16 0.004765
32 1 0.057045
32 2 0.030731
32 4 0.015846
32 8 0.009218
32 16 0.007646
64 1 0.111034
64 2 0.05881
64 4 0.031603
64 8 0.018007
64 16 0.014864
128 1 0.231116
128 2 0.113599
128 4 0.057746
128 8 0.030534
128 16 0.019484
1 1 0.001962
1 2 0.001388
1 4 0.001127
1 8 0.000889
1 16 0.000922
2 1 0.003572
2 2 0.001965
2 4 0.001128
2 8 0.00145
2 16 0.00128
4 1 0.007029
4 2 0.004309
4 4 0.002027
4 8 0.002249
4 16 0.002088
8 1 0.013874
8 2 0.007285
8 4 0.004028
8 8 0.004044
8 16 0.002668
16 1 0.027758
16 2 0.016284
16 4 0.008257
16 8 0.004095
16 16 0.004074
32 1 0.055237
32 2 0.028049
32 4 0.017251
32 8 0.009016
32 16 0.005184
64 1 0.110565
64 2 0.056546
64 4 0.030523
64 8 0.017185
64 16 0.01063
128 1 0.231946
128 2 0.115561
128 4 0.059903
128 8 0.030101
128 16 0.021027
1 1 0.001786
1 2 0.001241
1 4 0.001219
1 8 0.001018
1 16 0.001205
2 1 0.003815
2 2 0.001991
2 4 0.002128
2 8 0.001407
2 16 0.001683
4 1 0.00885
4 2 0.00361
4 4 0.002999
4 8 0.002332
4 16 0.001644
8 1 0.014258
8 2 0.007217
8 4 0.004352
8 8 0.004223
8 16 0.002774
16 1 0.031924
16 2 0.015232
16 4 0.009526
16 8 0.005787
16 16 0.005699
32 1 0.054911
32 2 0.029079
32 4 0.01537
32 8 0.014
32 16 0.006951
64 1 0.116149
64 2 0.05715
64 4 0.031417
64 8 0.016791
64 16 0.014964
128 1 0.227032
128 2 0.117298
128 4 0.059469
128 8 0.029359
128 16 0.016596
