128 1 0.006562
128 2 0.003611
128 4 0.002342
128 8 0.001479
128 16 0.000961
256 1 0.035096
256 2 0.017658
256 4 0.016657
256 8 0.016805
256 16 0.016813
512 1 0.311981
512 2 0.198108
512 4 0.080425
512 8 0.085546
512 16 0.060995
1024 1 2.773403
1024 2 1.320302
1024 4 0.830754
1024 8 0.604882
1024 16 0.704446
2048 1 39.232904
2048 2 20.084284
2048 4 11.072078
2048 8 5.469420
2048 16 4.265599
128 1 0.004822
128 2 0.002568
128 4 0.002478
128 8 0.002652
128 16 0.003113
256 1 0.035871
256 2 0.019240
256 4 0.028218
256 8 0.022157
256 16 0.015838
512 1 0.307247
512 2 0.166205
512 4 0.089255
512 8 0.078645
512 16 0.068850
1024 1 2.683356
1024 2 1.365548
1024 4 0.856363
1024 8 0.724520
1024 16 0.726052
2048 1 42.037339
2048 2 19.624618
2048 4 10.261725
2048 8 5.701983
2048 16 4.786114
128 1 0.005029
128 2 0.002434
128 4 0.002727
128 8 0.002740
128 16 0.002912
256 1 0.035791
256 2 0.021390
256 4 0.023438
256 8 0.014051
256 16 0.014558
512 1 0.306561
512 2 0.162451
512 4 0.101723
512 8 0.087694
512 16 0.073911
1024 1 2.679951
1024 2 1.344228
1024 4 0.728218
1024 8 0.580994
1024 16 0.542243
2048 1 39.826366
2048 2 20.891929
2048 4 10.996157
2048 8 5.758103
2048 16 5.218549
128 1 0.005124
128 2 0.002538
128 4 0.001550
128 8 0.002106
128 16 0.002280
256 1 0.037558
256 2 0.023464
256 4 0.024840
256 8 0.028143
256 16 0.019495
512 1 0.339870
512 2 0.171657
512 4 0.107751
512 8 0.088141
512 16 0.071608
1024 1 2.799995
1024 2 1.401345
1024 4 0.779194
1024 8 0.748438
1024 16 0.751748
2048 1 43.605607
2048 2 22.054768
2048 4 11.820977
2048 8 6.080153
2048 16 4.819022
128 1 0.005254
128 2 0.002708
128 4 0.002651
128 8 0.002072
128 16 0.002326
256 1 0.038740
256 2 0.022095
256 4 0.019471
256 8 0.013912
256 16 0.015479
512 1 0.315829
512 2 0.191590
512 4 0.119138
512 8 0.098330
512 16 0.077114
1024 1 2.960135
1024 2 1.451609
1024 4 0.791583
1024 8 0.668844
1024 16 0.819493
2048 1 53.887606
2048 2 21.313701
2048 4 10.524509
2048 8 5.835953
2048 16 4.733075

