1024 0.0126864
2048 0.0048739
4096 0.0283292
8192 0.00684485
16384 0.0202726
32768 0.0255216
65536 0.0098966
131072 0.00586828
262144 0.00452551
524288 0.00295386
1048576 0.000836698
2097152 0.000787107
4194304 0.000651685
8388608 0.00045952
16777216 0.000396339
33554432 0.000360338
67108864 4.56174e-06
134217728 5.3962e-06
268435456 4.56174e-06
1024 0.0126864
2048 0.0107511
4096 0.013663
8192 8.90891e-06
16384 0.00145593
32768 0.00499597
65536 0.0131136
131072 0.0086886
262144 0.00125757
524288 0.00324884
1048576 0.000672666
2097152 0.000493375
4194304 0.000333158
8388608 4.46717e-05
16777216 0.000348004
33554432 0.000243934
67108864 4.56174e-06
134217728 5.3962e-06
268435456 4.56174e-06
1024 0.0693448
2048 0.0146395
4096 0.00585047
8192 0.00780359
16384 0.0134188
32768 0.0115878
65536 0.00939051
131072 0.00563684
262144 0.000937136
524288 0.000464114
1048576 0.00243887
2097152 0.00227293
4194304 0.000799505
8388608 0.0006555
16777216 0.000614969
33554432 0.000118701
67108864 4.56174e-06
134217728 5.3962e-06
268435456 4.56174e-06
1024 0.0634677
2048 0.0224698
4096 0.00194422
8192 0.00440344
16384 0.00926843
32768 8.90891e-06
65536 0.00269446
131072 0.00141272
262144 0.0021604
524288 0.000176756
1048576 0.000787107
2097152 0.000145586
4194304 0.000102369
8388608 0.000381796
16777216 0.000368444
33554432 0.000219909
67108864 4.56174e-06
134217728 5.3962e-06
268435456 4.56174e-06
1024 0.0869052
2048 0.0595614
4096 0.0429598
8192 0.013663
16384 0.00121179
32768 0.00536218
65536 0.00481287
131072 0.00254187
262144 0.000314085
524288 5.21262e-05
1048576 0.00116858
2097152 0.000739423
4194304 0.000350324
8388608 0.000548212
16777216 6.20763e-05
33554432 6.6487e-05
67108864 4.56174e-06
134217728 5.3962e-06
268435456 4.56174e-06
1024 0.0302823
2048 0.0263583
4096 0.00782141
8192 0.00440344
16384 0.000235232
32768 0.00170008
65536 0.00609461
131072 0.00151697
262144 0.00319544
524288 0.00141779
1048576 0.0020968
2097152 0.000721606
4194304 0.00116602
8388608 0.000459345
16777216 0.000228079
33554432 0.00014058
67108864 5.3962e-06
134217728 4.56174e-06
268435456 5.3962e-06
1024 0.0439364
2048 0.0439364
4096 0.0507723
8192 0.0170809
16384 0.0236727
32768 0.0157382
65536 0.00306067
131072 0.00275549
262144 0.000787107
524288 0.000291197
1048576 8.52029e-05
2097152 0.000958117
4194304 0.00122228
8388608 0.000425013
16777216 0.000425728
33554432 0.000314387
67108864 5.3962e-06
134217728 4.56174e-06
268435456 4.56174e-06
1024 0.0615323
2048 0.0322355
4096 0.00391516
8192 0.0107511
16384 0.00511804
32768 0.000479372
65536 0.00153479
131072 0.00234094
262144 0.0039126
524288 0.00694147
1048576 0.00383249
2097152 0.000734957
4194304 0.000214903
8388608 0.000721606
16777216 0.000260981
33554432 0.000188979
67108864 4.56174e-06
134217728 5.3962e-06
268435456 4.56174e-06
1024 0.000967654
2048 0.0263761
4096 0.0293058
8192 0.0459073
16384 0.0339445
32768 0.019296
65536 0.0127042
131072 0.00873694
262144 0.00406775
524288 0.00470862
1048576 0.00203833
2097152 0.00102362
4194304 0.000639288
8388608 3.40064e-05
16777216 0.000329169
33554432 0.000220092
67108864 4.56174e-06
134217728 5.3962e-06
268435456 5.3962e-06
1024 0.0361239
2048 0.0048739
4096 0.00782141
8192 0.00147375
16384 0.0126864
32768 0.00428137
65536 0.000436155
131072 0.00391516
262144 0.0054563
524288 0.00213751
1048576 5.85e-05
2097152 0.000315992
4194304 0.000801412
8388608 0.000242559
16777216 9.12269e-05
33554432 0.000226108
67108864 5.3962e-06
134217728 4.56174e-06
268435456 4.56174e-06
