1024 1 0.000148
1024 2 0.000106
1024 4 0.000169
1024 8 0.000286
1024 16 0.000441
2048 1 8.9e-05
2048 2 0.000104
2048 4 0.000193
2048 8 0.000437
2048 16 0.000546
4096 1 0.000138
4096 2 0.000118
4096 4 0.000186
4096 8 0.000421
4096 16 0.000555
8192 1 0.000159
8192 2 0.000135
8192 4 0.000185
8192 8 0.000232
8192 16 0.000443
16384 1 0.000161
16384 2 0.000119
16384 4 0.00018
16384 8 0.000212
16384 16 0.000467
32768 1 0.000255
32768 2 0.000331
32768 4 0.000327
32768 8 0.000522
32768 16 0.000488
65536 1 0.000349
65536 2 0.000226
65536 4 0.000694
65536 8 0.000561
65536 16 0.000463
131072 1 0.000594
131072 2 0.000344
131072 4 0.000375
131072 8 0.000801
131072 16 0.000678
262144 1 0.001088
262144 2 0.001102
262144 4 0.000641
262144 8 0.000944
262144 16 0.000861
524288 1 0.00328
524288 2 0.002417
524288 4 0.001274
524288 8 0.001055
524288 16 0.001729
1048576 1 0.003893
1048576 2 0.003799
1048576 4 0.002407
1048576 8 0.002979
1048576 16 0.001899
2097152 1 0.008135
2097152 2 0.00444
2097152 4 0.003035
2097152 8 0.002901
2097152 16 0.002548
4194304 1 0.015915
4194304 2 0.009668
4194304 4 0.00579
4194304 8 0.00524
4194304 16 0.005339
8388608 1 0.032081
8388608 2 0.018216
8388608 4 0.009605
8388608 8 0.00825
8388608 16 0.0057
16777216 1 0.06331
16777216 2 0.033193
16777216 4 0.018308
16777216 8 0.010768
16777216 16 0.00893
33554432 1 0.126987
33554432 2 0.06676
33554432 4 0.033487
33554432 8 0.023139
33554432 16 0.016067
67108864 1 0.250881
67108864 2 0.129485
67108864 4 0.069501
67108864 8 0.044198
67108864 16 0.029322
134217728 1 0.494111
134217728 2 0.251178
134217728 4 0.134477
134217728 8 0.086876
134217728 16 0.057077
268435456 1 1.00304
268435456 2 0.499518
268435456 4 0.26252
268435456 8 0.176735
268435456 16 0.106886
1024 1 0.000123
1024 2 0.000155
1024 4 0.000318
1024 8 0.000263
1024 16 0.000475
2048 1 0.000134
2048 2 0.000156
2048 4 0.00017
2048 8 0.000233
2048 16 0.000493
4096 1 9e-05
4096 2 0.000122
4096 4 0.000172
4096 8 0.000245
4096 16 0.00049
8192 1 9.6e-05
8192 2 0.000159
8192 4 0.000192
8192 8 0.000299
8192 16 0.000546
16384 1 0.000131
16384 2 0.000174
16384 4 0.000196
16384 8 0.00033
16384 16 0.000488
32768 1 0.000207
32768 2 0.0002
32768 4 0.000262
32768 8 0.000296
32768 16 0.000488
65536 1 0.000373
65536 2 0.000272
65536 4 0.000304
65536 8 0.000447
65536 16 0.000512
131072 1 0.000643
131072 2 0.000351
131072 4 0.000424
131072 8 0.000528
131072 16 0.000548
262144 1 0.001138
262144 2 0.000989
262144 4 0.000493
262144 8 0.000562
262144 16 0.000979
524288 1 0.002008
524288 2 0.002453
524288 4 0.001199
524288 8 0.001914
524288 16 0.00104
1048576 1 0.003882
1048576 2 0.002246
1048576 4 0.00167
1048576 8 0.003011
1048576 16 0.002086
2097152 1 0.008251
2097152 2 0.004452
2097152 4 0.002517
2097152 8 0.002845
2097152 16 0.003044
4194304 1 0.016402
4194304 2 0.008732
4194304 4 0.004648
4194304 8 0.004779
4194304 16 0.003919
8388608 1 0.031629
8388608 2 0.016618
8388608 4 0.008703
8388608 8 0.007456
8388608 16 0.005363
16777216 1 0.062146
16777216 2 0.032014
16777216 4 0.018026
16777216 8 0.012134
16777216 16 0.008608
33554432 1 0.123375
33554432 2 0.064193
33554432 4 0.033252
33554432 8 0.023074
33554432 16 0.015162
67108864 1 0.253617
67108864 2 0.124777
67108864 4 0.068907
67108864 8 0.043864
67108864 16 0.028329
134217728 1 0.497557
134217728 2 0.24923
134217728 4 0.13044
134217728 8 0.080482
134217728 16 0.058478
268435456 1 0.999057
268435456 2 0.51028
268435456 4 0.259005
268435456 8 0.1693
268435456 16 0.110006
1024 1 0.000248
1024 2 0.000167
1024 4 0.000178
1024 8 0.000302
1024 16 0.00048
2048 1 0.000226
2048 2 0.000238
2048 4 0.000152
2048 8 0.00036
2048 16 0.000483
4096 1 0.000134
4096 2 0.000138
4096 4 0.000202
4096 8 0.000309
4096 16 0.000499
8192 1 0.000161
8192 2 0.000134
8192 4 0.000169
8192 8 0.00026
8192 16 0.000535
16384 1 0.000177
16384 2 0.000166
16384 4 0.000191
16384 8 0.000285
16384 16 0.000478
32768 1 0.000259
32768 2 0.000197
32768 4 0.000236
32768 8 0.000495
32768 16 0.000573
65536 1 0.000408
65536 2 0.000269
65536 4 0.00021
65536 8 0.000363
65536 16 0.000496
131072 1 0.000663
131072 2 0.000427
131072 4 0.000402
131072 8 0.000482
131072 16 0.000621
262144 1 0.001473
262144 2 0.000654
262144 4 0.000784
262144 8 0.0006
262144 16 0.000652
524288 1 0.002019
524288 2 0.001133
524288 4 0.001347
524288 8 0.001124
524288 16 0.001061
1048576 1 0.006064
1048576 2 0.00305
1048576 4 0.001739
1048576 8 0.00155
1048576 16 0.002473
2097152 1 0.009057
2097152 2 0.004916
2097152 4 0.003633
2097152 8 0.002204
2097152 16 0.001856
4194304 1 0.016333
4194304 2 0.008575
4194304 4 0.005078
4194304 8 0.004803
4194304 16 0.003572
8388608 1 0.032834
8388608 2 0.017283
8388608 4 0.010002
8388608 8 0.00688
8388608 16 0.004359
16777216 1 0.066257
16777216 2 0.033292
16777216 4 0.01901
16777216 8 0.012018
16777216 16 0.009879
33554432 1 0.125364
33554432 2 0.06437
33554432 4 0.036825
33554432 8 0.022329
33554432 16 0.015331
67108864 1 0.256795
67108864 2 0.129283
67108864 4 0.068785
67108864 8 0.044751
67108864 16 0.030149
134217728 1 0.501688
134217728 2 0.255064
134217728 4 0.138849
134217728 8 0.083375
134217728 16 0.060085
268435456 1 1.00574
268435456 2 0.504563
268435456 4 0.273108
268435456 8 0.163371
268435456 16 0.108049
1024 1 0.000143
1024 2 0.000113
1024 4 0.000167
1024 8 0.000263
1024 16 0.000499
2048 1 9.9e-05
2048 2 0.000106
2048 4 0.000176
2048 8 0.000269
2048 16 0.00051
4096 1 8.4e-05
4096 2 0.000131
4096 4 0.000161
4096 8 0.000256
4096 16 0.000483
8192 1 0.000164
8192 2 0.000141
8192 4 0.000181
8192 8 0.000232
8192 16 0.000634
16384 1 0.000148
16384 2 0.000198
16384 4 0.000249
16384 8 0.000314
16384 16 0.000608
32768 1 0.000265
32768 2 0.000213
32768 4 0.000216
32768 8 0.000312
32768 16 0.000492
65536 1 0.00041
65536 2 0.000306
65536 4 0.000319
65536 8 0.000366
65536 16 0.000563
131072 1 0.000621
131072 2 0.000473
131072 4 0.000682
131072 8 0.000491
131072 16 0.000748
262144 1 0.001216
262144 2 0.000747
262144 4 0.00051
262144 8 0.000539
262144 16 0.00065
524288 1 0.00201
524288 2 0.002353
524288 4 0.001289
524288 8 0.001203
524288 16 0.001185
1048576 1 0.004186
1048576 2 0.00299
1048576 4 0.001258
1048576 8 0.001411
1048576 16 0.001619
2097152 1 0.008506
2097152 2 0.004347
2097152 4 0.003122
2097152 8 0.002884
2097152 16 0.002849
4194304 1 0.016604
4194304 2 0.008085
4194304 4 0.005795
4194304 8 0.003287
4194304 16 0.004024
8388608 1 0.030733
8388608 2 0.01728
8388608 4 0.009223
8388608 8 0.008229
8388608 16 0.004957
16777216 1 0.064994
16777216 2 0.032324
16777216 4 0.020017
16777216 8 0.011913
16777216 16 0.008708
33554432 1 0.128116
33554432 2 0.065948
33554432 4 0.035576
33554432 8 0.021645
33554432 16 0.014808
67108864 1 0.248719
67108864 2 0.126707
67108864 4 0.06611
67108864 8 0.046562
67108864 16 0.028877
134217728 1 0.514015
134217728 2 0.251682
134217728 4 0.134773
134217728 8 0.083419
134217728 16 0.054724
268435456 1 0.992339
268435456 2 0.509518
268435456 4 0.264832
268435456 8 0.172858
268435456 16 0.110675
1024 1 0.000203
1024 2 0.000148
1024 4 0.000226
1024 8 0.000409
1024 16 0.000571
2048 1 0.000118
2048 2 0.000259
2048 4 0.000171
2048 8 0.000272
2048 16 0.000545
4096 1 0.000113
4096 2 0.000125
4096 4 0.000202
4096 8 0.000332
4096 16 0.000529
8192 1 0.000113
8192 2 0.000134
8192 4 0.000204
8192 8 0.000266
8192 16 0.000476
16384 1 0.00013
16384 2 0.00017
16384 4 0.000336
16384 8 0.000393
16384 16 0.000437
32768 1 0.00026
32768 2 0.000181
32768 4 0.000365
32768 8 0.000472
32768 16 0.000386
65536 1 0.000409
65536 2 0.000341
65536 4 0.000432
65536 8 0.000369
65536 16 0.000534
131072 1 0.000601
131072 2 0.000401
131072 4 0.000598
131072 8 0.000506
131072 16 0.000797
262144 1 0.001312
262144 2 0.000788
262144 4 0.00058
262144 8 0.000965
262144 16 0.000741
524288 1 0.002551
524288 2 0.001119
524288 4 0.001232
524288 8 0.001348
524288 16 0.000856
1048576 1 0.005422
1048576 2 0.003698
1048576 4 0.001457
1048576 8 0.001196
1048576 16 0.001787
2097152 1 0.009167
2097152 2 0.004688
2097152 4 0.002407
2097152 8 0.00304
2097152 16 0.002032
4194304 1 0.015396
4194304 2 0.010135
4194304 4 0.004559
4194304 8 0.004129
4194304 16 0.002727
8388608 1 0.031651
8388608 2 0.017328
8388608 4 0.012047
8388608 8 0.009459
8388608 16 0.005429
16777216 1 0.062253
16777216 2 0.031628
16777216 4 0.018322
16777216 8 0.012482
16777216 16 0.008982
33554432 1 0.125703
33554432 2 0.066866
33554432 4 0.03496
33554432 8 0.024909
33554432 16 0.017543
67108864 1 0.251589
67108864 2 0.127118
67108864 4 0.06926
67108864 8 0.045532
67108864 16 0.029453
134217728 1 0.513637
134217728 2 0.249803
134217728 4 0.135601
134217728 8 0.0826
134217728 16 0.056009
268435456 1 1.01734
268435456 2 0.495635
268435456 4 0.262212
268435456 8 0.168549
268435456 16 0.109966
1024 1 9.2e-05
1024 2 0.000139
1024 4 0.000222
1024 8 0.000349
1024 16 0.00054
2048 1 0.000134
2048 2 0.000113
2048 4 0.000319
2048 8 0.000256
2048 16 0.000488
4096 1 9.7e-05
4096 2 0.000127
4096 4 0.000206
4096 8 0.000255
4096 16 0.000497
8192 1 9.9e-05
8192 2 0.000161
8192 4 0.000309
8192 8 0.000243
8192 16 0.000605
16384 1 0.000195
16384 2 0.000175
16384 4 0.000191
16384 8 0.000254
16384 16 0.00061
32768 1 0.000255
32768 2 0.000195
32768 4 0.000236
32768 8 0.000289
32768 16 0.000526
65536 1 0.00054
65536 2 0.000273
65536 4 0.000255
65536 8 0.000418
65536 16 0.000569
131072 1 0.000667
131072 2 0.000421
131072 4 0.000331
131072 8 0.000487
131072 16 0.000589
262144 1 0.001166
262144 2 0.000664
262144 4 0.000417
262144 8 0.000644
262144 16 0.000617
524288 1 0.00199
524288 2 0.002158
524288 4 0.001102
524288 8 0.000756
524288 16 0.001146
1048576 1 0.004726
1048576 2 0.002565
1048576 4 0.001506
1048576 8 0.002278
1048576 16 0.001853
2097152 1 0.010143
2097152 2 0.004833
2097152 4 0.002251
2097152 8 0.004319
2097152 16 0.002351
4194304 1 0.015243
4194304 2 0.008618
4194304 4 0.004788
4194304 8 0.005943
4194304 16 0.00595
8388608 1 0.033098
8388608 2 0.016854
8388608 4 0.009234
8388608 8 0.006648
8388608 16 0.004745
16777216 1 0.062725
16777216 2 0.031713
16777216 4 0.017233
16777216 8 0.01129
16777216 16 0.007563
33554432 1 0.123459
33554432 2 0.064101
33554432 4 0.032539
33554432 8 0.026077
33554432 16 0.014255
67108864 1 0.251615
67108864 2 0.123119
67108864 4 0.070365
67108864 8 0.041009
67108864 16 0.030641
134217728 1 0.500068
134217728 2 0.257549
134217728 4 0.134753
134217728 8 0.085953
134217728 16 0.055733
268435456 1 0.983919
268435456 2 0.512882
268435456 4 0.265474
268435456 8 0.179853
268435456 16 0.105752
1024 1 0.000184
1024 2 0.000129
1024 4 0.000201
1024 8 0.000243
1024 16 0.000478
2048 1 0.000118
2048 2 0.000108
2048 4 0.000168
2048 8 0.000281
2048 16 0.000517
4096 1 9.6e-05
4096 2 0.000253
4096 4 0.000242
4096 8 0.000223
4096 16 0.000502
8192 1 0.000106
8192 2 0.000244
8192 4 0.000282
8192 8 0.000252
8192 16 0.000551
16384 1 0.00014
16384 2 0.000169
16384 4 0.00037
16384 8 0.000652
16384 16 0.000551
32768 1 0.000252
32768 2 0.000271
32768 4 0.000234
32768 8 0.000323
32768 16 0.000499
65536 1 0.000485
65536 2 0.000351
65536 4 0.000345
65536 8 0.000493
65536 16 0.000684
131072 1 0.000641
131072 2 0.000488
131072 4 0.000732
131072 8 0.00055
131072 16 0.000506
262144 1 0.0012
262144 2 0.000756
262144 4 0.000709
262144 8 0.000707
262144 16 0.000933
524288 1 0.002117
524288 2 0.002307
524288 4 0.001344
524288 8 0.00176
524288 16 0.00121
1048576 1 0.00429
1048576 2 0.002479
1048576 4 0.002259
1048576 8 0.001616
1048576 16 0.001737
2097152 1 0.008081
2097152 2 0.005272
2097152 4 0.003431
2097152 8 0.004263
2097152 16 0.002771
4194304 1 0.016453
4194304 2 0.009266
4194304 4 0.005724
4194304 8 0.004293
4194304 16 0.006085
8388608 1 0.031774
8388608 2 0.021001
8388608 4 0.009976
8388608 8 0.007868
8388608 16 0.007482
16777216 1 0.062808
16777216 2 0.032638
16777216 4 0.018547
16777216 8 0.013727
16777216 16 0.009112
33554432 1 0.125333
33554432 2 0.063658
33554432 4 0.034266
33554432 8 0.023678
33554432 16 0.014881
67108864 1 0.250664
67108864 2 0.126145
67108864 4 0.065381
67108864 8 0.043265
67108864 16 0.029815
134217728 1 0.501115
134217728 2 0.249694
134217728 4 0.13655
134217728 8 0.082404
134217728 16 0.059085
268435456 1 0.995868
268435456 2 0.506782
268435456 4 0.271441
268435456 8 0.156618
268435456 16 0.108671
1024 1 0.00014
1024 2 0.000149
1024 4 0.000316
1024 8 0.000284
1024 16 0.00044
2048 1 8.8e-05
2048 2 0.000133
2048 4 0.000194
2048 8 0.000266
2048 16 0.000498
4096 1 0.000119
4096 2 0.000113
4096 4 0.000181
4096 8 0.000289
4096 16 0.000554
8192 1 0.000107
8192 2 0.000264
8192 4 0.000227
8192 8 0.000291
8192 16 0.000535
16384 1 0.000225
16384 2 0.000259
16384 4 0.000267
16384 8 0.000318
16384 16 0.000491
32768 1 0.000236
32768 2 0.0002
32768 4 0.000294
32768 8 0.000411
32768 16 0.000669
65536 1 0.000447
65536 2 0.000261
65536 4 0.000648
65536 8 0.000541
65536 16 0.000464
131072 1 0.000676
131072 2 0.000411
131072 4 0.000382
131072 8 0.000676
131072 16 0.001017
262144 1 0.001314
262144 2 0.000692
262144 4 0.001301
262144 8 0.000641
262144 16 0.000755
524288 1 0.002125
524288 2 0.001145
524288 4 0.000894
524288 8 0.001002
524288 16 0.001069
1048576 1 0.005883
1048576 2 0.002034
1048576 4 0.002366
1048576 8 0.001556
1048576 16 0.001966
2097152 1 0.008464
2097152 2 0.004208
2097152 4 0.003438
2097152 8 0.002059
2097152 16 0.001959
4194304 1 0.015396
4194304 2 0.008291
4194304 4 0.004903
4194304 8 0.004965
4194304 16 0.004403
8388608 1 0.032159
8388608 2 0.016963
8388608 4 0.008998
8388608 8 0.008404
8388608 16 0.005528
16777216 1 0.064375
16777216 2 0.032455
16777216 4 0.020446
16777216 8 0.013138
16777216 16 0.009406
33554432 1 0.124071
33554432 2 0.063666
33554432 4 0.037789
33554432 8 0.026223
33554432 16 0.016466
67108864 1 0.249079
67108864 2 0.123687
67108864 4 0.069213
67108864 8 0.041257
67108864 16 0.028337
134217728 1 0.493025
134217728 2 0.251254
134217728 4 0.132034
134217728 8 0.085908
134217728 16 0.057579
268435456 1 1.00037
268435456 2 0.493377
268435456 4 0.267215
268435456 8 0.166389
268435456 16 0.111071
1024 1 0.000243
1024 2 0.000111
1024 4 0.000192
1024 8 0.000299
1024 16 0.000474
2048 1 8e-05
2048 2 0.000116
2048 4 0.000183
2048 8 0.000271
2048 16 0.000481
4096 1 8.8e-05
4096 2 0.000129
4096 4 0.000134
4096 8 0.000252
4096 16 0.000492
8192 1 0.000116
8192 2 0.000134
8192 4 0.000164
8192 8 0.000249
8192 16 0.000488
16384 1 0.000136
16384 2 0.000285
16384 4 0.000342
16384 8 0.000259
16384 16 0.000518
32768 1 0.000254
32768 2 0.000213
32768 4 0.000384
32768 8 0.000407
32768 16 0.000488
65536 1 0.000343
65536 2 0.000311
65536 4 0.000289
65536 8 0.000477
65536 16 0.000457
131072 1 0.000621
131072 2 0.000671
131072 4 0.000576
131072 8 0.00044
131072 16 0.000795
262144 1 0.00131
262144 2 0.001044
262144 4 0.000711
262144 8 0.000678
262144 16 0.0007
524288 1 0.003225
524288 2 0.001781
524288 4 0.001188
524288 8 0.001037
524288 16 0.001612
1048576 1 0.005229
1048576 2 0.002305
1048576 4 0.002493
1048576 8 0.002641
1048576 16 0.001945
2097152 1 0.008296
2097152 2 0.004453
2097152 4 0.002296
2097152 8 0.002172
2097152 16 0.002122
4194304 1 0.016268
4194304 2 0.008392
4194304 4 0.004954
4194304 8 0.003593
4194304 16 0.003572
8388608 1 0.031463
8388608 2 0.016122
8388608 4 0.010022
8388608 8 0.007359
8388608 16 0.004976
16777216 1 0.061879
16777216 2 0.032277
16777216 4 0.016977
16777216 8 0.013155
16777216 16 0.01048
33554432 1 0.126741
33554432 2 0.063222
33554432 4 0.036545
33554432 8 0.023126
33554432 16 0.015366
67108864 1 0.246915
67108864 2 0.136446
67108864 4 0.067827
67108864 8 0.043962
67108864 16 0.029297
134217728 1 0.503436
134217728 2 0.251276
134217728 4 0.134221
134217728 8 0.097199
134217728 16 0.054337
268435456 1 1.00103
268435456 2 0.49966
268435456 4 0.266552
268435456 8 0.160049
268435456 16 0.11117
1024 1 9.5e-05
1024 2 0.00027
1024 4 0.00019
1024 8 0.000299
1024 16 0.000477
2048 1 0.000118
2048 2 0.000134
2048 4 0.000153
2048 8 0.000279
2048 16 0.000483
4096 1 0.000102
4096 2 0.000117
4096 4 0.000158
4096 8 0.000263
4096 16 0.000479
8192 1 0.000164
8192 2 0.000114
8192 4 0.000174
8192 8 0.000321
8192 16 0.000481
16384 1 0.000141
16384 2 0.00017
16384 4 0.000268
16384 8 0.000304
16384 16 0.000606
32768 1 0.000363
32768 2 0.000268
32768 4 0.000248
32768 8 0.00046
32768 16 0.0005
65536 1 0.000369
65536 2 0.000312
65536 4 0.000543
65536 8 0.000469
65536 16 0.000547
131072 1 0.000597
131072 2 0.000389
131072 4 0.000415
131072 8 0.00064
131072 16 0.000597
262144 1 0.001138
262144 2 0.00068
262144 4 0.000465
262144 8 0.000566
262144 16 0.000726
524288 1 0.002277
524288 2 0.001204
524288 4 0.001612
524288 8 0.001003
524288 16 0.000787
1048576 1 0.004884
1048576 2 0.00395
1048576 4 0.001566
1048576 8 0.001741
1048576 16 0.001295
2097152 1 0.008254
2097152 2 0.004479
2097152 4 0.003624
2097152 8 0.001912
2097152 16 0.002401
4194304 1 0.016837
4194304 2 0.008965
4194304 4 0.005337
4194304 8 0.004271
4194304 16 0.002871
8388608 1 0.032086
8388608 2 0.016235
8388608 4 0.010156
8388608 8 0.007659
8388608 16 0.005924
16777216 1 0.062814
16777216 2 0.032989
16777216 4 0.017926
16777216 8 0.012548
16777216 16 0.007819
33554432 1 0.128383
33554432 2 0.065058
33554432 4 0.032764
33554432 8 0.023441
33554432 16 0.01826
67108864 1 0.255419
67108864 2 0.127561
67108864 4 0.068599
67108864 8 0.043566
67108864 16 0.029706
134217728 1 0.501434
134217728 2 0.25227
134217728 4 0.139288
134217728 8 0.086609
134217728 16 0.058265
268435456 1 0.992811
268435456 2 0.492714
268435456 4 0.262228
268435456 8 0.169109
268435456 16 0.112323

