Matrix_size | Number_of_Processes | Time
128 1 0.0138294
128 2 0.0175687
128 4 0.00512136
128 8 0.00460251
128 16 0.0143976
256 1 0.0984203
256 2 0.11271
256 4 0.048476
256 8 0.0256979
256 16 0.035807
512 1 1.59414
512 2 1.74225
512 4 0.633335
512 8 0.479604
512 16 0.696879
1024 1 9.53848
1024 2 9.68309
1024 4 4.6204
1024 8 2.96479
1024 16 2.82459
2048 1 140.821
2048 2 131.279
2048 4 57.7981
2048 8 40.8525
2048 16 46.0748
Matrix_size | Number_of_Processes | Time
128 1 0.00516804
128 2 0.00545312
128 4 0.00323012
128 8 0.00158563
128 16 0.00348516
256 1 0.0440343
256 2 0.0460191
256 4 0.015724
256 8 0.0137126
256 16 0.0132238
512 1 0.484396
512 2 0.476306
512 4 0.213666
512 8 0.133694
512 16 0.146535
1024 1 4.30552
1024 2 3.9588
1024 4 2.19471
1024 8 1.41994
1024 16 1.61532
2048 1 122.023
2048 2 130.586
2048 4 55.9543
2048 8 34.9345
2048 16 36.4339
