128 1 0.00516599
128 2 0.00530006
128 4 0.00223943
128 8 0.00188108
128 16 0.0190669
256 1 0.0436495
256 2 0.0437038
256 4 0.0157954
256 8 0.0109285
256 16 0.00973334
512 1 0.479517
512 2 0.512183
512 4 0.187645
512 8 0.134612
512 16 0.143838
1024 1 4.83319
1024 2 4.12663
1024 4 2.57391
1024 8 1.3777
1024 16 1.35836
2048 1 120.755
2048 2 132.28
2048 4 56.6137
2048 8 28.8307
2048 16 17.7827
128 1 0.00726586
128 2 0.00653086
128 4 0.022571
128 8 0.00380652
128 1 0.00762118
128 2 0.0206891
128 4 0.0184906
128 8 0.0300751
128 16 0.0544621
256 1 0.0518741
256 2 0.0625735
256 8 0.0271435
256 16 0.070541
128 1 0.0212343
128 2 0.0255279
128 4 0.0225769
128 8 0.0660668
128 16 0.081221
256 1 0.0508231
256 2 0.0626481
256 4 0.0546536
256 8 0.0592106
256 16 0.0436914
512 1 0.545214
512 2 0.442455
512 4 0.180373
128 1 0.00776906
