128 1 0.00516804
128 2 0.00545312
128 4 0.00323012
128 8 0.00158563
128 16 0.00348516
256 1 0.0440343
256 2 0.0460191
256 4 0.015724
256 8 0.0137126
256 16 0.0132238
512 1 0.484396
512 2 0.476306
512 4 0.213666
512 8 0.133694
512 16 0.146535
1024 1 4.30552
1024 2 3.9588
1024 4 2.19471
1024 8 1.41994
1024 16 1.61532
2048 1 122.023
2048 2 130.586
2048 4 55.9543
2048 8 34.9345
2048 16 36.4339

Matrix_size | Number_of_Processes | Time
128 1 0.00944924
128 2 0.00921803
128 4 0.0106823
128 8 0.0044423
128 16 0.0487847
256 1 0.0696656
256 2 0.0706687
256 4 0.026265
256 16 0.0372236
512 1 0.638876
