128 1 7443
128 2 6317
128 4 7749
128 8 7960
128 16 8683
256 1 73961
256 2 64570
256 4 63323
256 8 52383
256 16 66666
512 1 576953
512 2 637645
512 4 590392
512 8 603646
512 16 596465
1024 1 6.35583e+06
1024 2 6.36888e+06
1024 4 6.12844e+06
1024 8 5.69448e+06
1024 16 5.86143e+06
128 1 0.011467
128 2 0.01213
128 4 0.008182
128 8 0.007983
128 16 0.008119
256 1 0.069275
256 2 0.078804
256 4 0.075781
256 8 0.075244
256 16 0.072581
512 1 0.78428
512 2 0.705368
512 4 0.549309
512 8 0.624034
512 16 0.604886
1024 1 6.08221
1024 2 5.8858
1024 4 5.91491
1024 8 6.18783
1024 16 6.03101
2048 1 228.7
2048 2 240.14
2048 4 232.795
2048 8 221.264
